before_training,after_training
32.20818791969475,69.65498804071017
31.57785060590495,39.63262699818415
26.41378279495021,48.026891496996825
38.95192226355587,40.93711570725907
28.362327988192202,26.11470126785435
21.429103650224516,24.524570099257396
18.14930965159804,22.760885990481526
33.912740135868006,36.96225719780274
36.84254466345735,49.50605281805074
14.99542095182159,22.364395254339968
30.938515864148982,34.79903882327773
42.33899372865946,46.82138715034754
22.28276334314485,21.072582703993437
22.437676386403147,23.87008641778252
26.471824224280134,36.47897367084556
40.63355954460878,48.85760919848568
17.013676070509117,24.03735536342712
26.799396006245715,31.634772458945818
44.953418956715375,65.24497144857429
9.968678278597302,9.97192650655029
46.36312437348666,68.84212391029624
29.766736947818163,36.805970442568736
51.16767341866259,58.133717669101
38.480076868423325,48.3244931352121
32.78465444835152,40.00225511177285
42.23708696865103,68.78128828751369
47.1535331287414,57.93298203171165
28.03617407086135,29.966086841092675
35.51202293594022,42.008999551224626
13.05341678454684,11.99545781132011
43.83034932543882,43.89105549023776
18.90179958638167,27.31261567860847
46.148248420466466,47.434852874292154
21.092675110659936,18.546239889611385
40.768863814075985,50.595462246702745
31.83280621062638,32.38743619299047
27.586579498385206,26.148381064122727
24.690069529613513,23.77608438999514
40.551857757170275,52.30709339338704
12.802001831458007,10.921709241817283
22.06063423249344,23.62231539857842
27.7332734158578,36.66797652674976
27.590989680199662,43.220898258864146
27.09097557619893,32.916792792679814
34.34251199199322,34.90768303513432
43.55147035785664,43.45476867130263
34.345602140849316,37.35516347444607
46.7725592545224,60.49091748961361
27.00173792546573,35.57889289304638
23.391878235583444,30.935217573934324
